cmd: ./parent_pgm
events: Ir
fl=./csu/../csu/libc-start.c
fn=__libc_start_main@@GLIBC_2.34
128 2
134 3
135 7
138 1
139 2
142 3
143 2
144 11
145 4
242 13
311 3
312 3
337 6
340 2
343 2
350 2
352 2
360 4
fl=./csu/../sysdeps/nptl/libc_start_call_main.h
fn=(below main)
29 9
44 3
46 2
51 2
52 2
55 2
58 6
fl=./csu/./csu/init-first.c
fn=_init_first
46 6
51 2
55 5
61 1
62 1
63 2
71 2
72 3
fl=./ctype/./ctype/ctype-info.c
fn=__ctype_init
29 1
31 7
33 4
35 4
36 1
fl=./debug/../sysdeps/x86_64/multiarch/ifunc-memmove.h
fn=__memcpy_chk
56 2
57 3
60 3
61 2
74 2
77 2
85 2
93 2
96 5
fn=__memmove_chk
56 2
57 3
60 3
61 2
74 2
77 2
85 2
93 2
96 5
fn=__mempcpy_chk
56 2
57 3
60 3
61 2
74 2
77 2
85 2
93 2
96 5
fl=./debug/../sysdeps/x86_64/multiarch/ifunc-memset.h
fn=__memset_chk
54 5
57 3
58 2
64 2
73 2
75 2
85 2
93 2
96 5
fl=./debug/../sysdeps/x86_64/multiarch/memcpy_chk.c
fn=__memcpy_chk
29 1
fl=./debug/../sysdeps/x86_64/multiarch/memmove_chk.c
fn=__memmove_chk
29 1
fl=./debug/../sysdeps/x86_64/multiarch/mempcpy_chk.c
fn=__mempcpy_chk
29 1
fl=./debug/../sysdeps/x86_64/multiarch/memset_chk.c
fn=__memset_chk
29 1
fl=./elf/../bits/stdlib-bsearch.h
fn=intel_check_word.constprop.0
27 96
28 48
29 744
31 648
32 348
35 264
37 120
fl=./elf/../elf/dl-tls.c
fn=_dl_add_to_slotinfo
1017 9
1023 1
1026 1
1027 1
1031 3
1065 2
1068 2
1069 3
1072 6
fn=_dl_allocate_tls_init
523 11
524 2
528 2
531 1
534 2
537 3
549 1
554 17
560 5
563 3
564 2
570 3
571 2
573 10
576 2
577 2
580 2
581 4
583 2
584 2
593 1
601 2
603 10
609 1
615 2
618 2
621 9
fn=_dl_allocate_tls_storage
365 1
369 1
370 1
371 2
374 1
380 2
417 7
419 1
430 1
431 1
432 2
440 6
441 1
445 305
464 1
470 7
fn=_dl_assign_tls_modid
125 4
128 2
141 1
181 1
183 1
186 1
187 2
fn=_dl_count_modids
192 1
194 2
195 1
210 2
fn=_dl_determine_tlsoffset
216 9
217 1
218 1
219 1
222 4
225 2
259 1
261 11
263 5
265 3
266 2
268 2
270 5
281 1
286 8
288 2
289 1
294 1
301 1
302 7
304 2
354 1
355 8
fn=_dl_tls_static_surplus_init
83 3
97 8
100 6
101 5
102 3
104 4
107 1
109 1
111 3
112 6
fl=./elf/../include/list.h
fn=__tls_init_tp
43 2
44 2
45 1
47 1
fl=./elf/../include/rtld-malloc.h
fn=__minimal_calloc
56 8
fn=_dl_allocate_tls_storage
44 2
56 1
fn=_dl_check_map_versions
44 9
fn=_dl_find_object_init
56 2
fn=_dl_important_hwcaps
56 4
fn=_dl_init_paths
56 5
fn=_dl_map_object_deps
56 6
fn=_dl_new_object
44 9
56 6
fn=fillin_rpath.isra.0
50 2
51 1
56 2
fn=init_tls
44 2
fl=./elf/../include/scratch_buffer.h
fn=_dl_map_object_deps
77 2
78 1
85 3
131 8
fl=./elf/../misc/sbrk.c
fn=sbrk
37 6
40 1
58 2
62 2
78 5
fl=./elf/../nptl/nptl-stack.h
fn=__libc_early_init
61 8
fl=./elf/../sysdeps/generic/_itoa.h
fn=_dl_check_map_versions
76 6
fl=./elf/../sysdeps/generic/dl-cache.h
fn=_dl_load_cache_lookup
125 1
194 1
195 5
fl=./elf/../sysdeps/generic/dl-call_tls_init_tp.h
fn=init_tls
31 8
33 1
fl=./elf/../sysdeps/generic/dl-debug.h
fn=dl_main
29 4
30 1
fl=./elf/../sysdeps/generic/dl-hash.h
fn=__rtld_malloc_init_real
43 1
44 1
45 19
48 18
62 24
67 1
72 1
fl=./elf/../sysdeps/generic/dl-new-hash.h
fn=_dl_lookup_symbol_x
69 130
70 260
74 927
77 1854
80 857
81 1714
87 60
88 60
89 120
90 60
99 797
101 797
102 1594
104 797
105 797
fl=./elf/../sysdeps/generic/dl-protected.h
fn=do_lookup_x
29 492
fl=./elf/../sysdeps/generic/ldsodefs.h
fn=_dl_relocate_object
79 35
140 399
fn=_dl_start
79 6
fn=do_lookup_x
139 246
140 369
fl=./elf/../sysdeps/nptl/dl-mutex.c
fn=__rtld_mutex_init
30 7
37 1
40 7
44 2
45 9
47 6
51 2
52 7
53 6
fl=./elf/../sysdeps/nptl/dl-tls_init_tp.c
fn=__tls_init_tp
68 5
69 1
72 1
75 4
76 2
77 1
82 2
87 4
90 1
93 3
105 4
121 3
128 2
129 3
fn=__tls_pre_init_tp
53 3
56 10
61 2
62 1
64 1
fn=rtld_mutex_dummy
42 8
44 16
fl=./elf/../sysdeps/nptl/pthread_early_init.h
fn=__libc_early_init
33 6
34 1
38 5
45 2
46 1
48 2
52 5
53 1
54 1
56 1
fl=./elf/../sysdeps/posix/dl-fileid.h
fn=_dl_map_object_from_fd
37 8
40 8
49 12
fl=./elf/../sysdeps/unix/sysv/linux/brk.c
fn=brk
36 1
37 1
38 2
44 1
45 1
fl=./elf/../sysdeps/unix/sysv/linux/brk_call.h
fn=brk
24 2
fl=./elf/../sysdeps/unix/sysv/linux/dl-osinfo.h
fn=dl_main
39 2
52 1
fl=./elf/../sysdeps/unix/sysv/linux/dl-parse_auxv.h
fn=_dl_sysdep_parse_arguments
32 2
33 1
34 1
41 93
42 44
43 44
45 1
46 2
47 2
48 2
49 1
51 2
52 2
53 2
54 2
56 2
fl=./elf/../sysdeps/unix/sysv/linux/dl-sysdep.c
fn=_dl_sysdep_parse_arguments
78 7
79 2
80 2
81 3
82 56
83 115
86 2
90 56
93 5
94 2
95 3
96 6
fn=_dl_sysdep_start
102 6
103 1
106 2
110 2
113 1
115 2
122 3
123 2
125 5
137 3
140 5
143 4
fn=_dl_sysdep_start_cleanup
147 1
148 1
fl=./elf/../sysdeps/unix/sysv/linux/dl-vdso-setup.h
fn=dl_main
30 1
33 1
36 1
39 1
45 1
fl=./elf/../sysdeps/unix/sysv/linux/dl-vdso.h
fn=dl_main
40 2
41 5
55 2
fl=./elf/../sysdeps/unix/sysv/linux/rseq-internal.h
fn=__tls_init_tp
32 3
34 7
37 2
40 1
fl=./elf/../sysdeps/unix/sysv/linux/x86/dl-hwcap2.h
fn=update_active.constprop.0
25 2
fl=./elf/../sysdeps/unix/sysv/linux/x86/dl-minsigstacksize.h
fn=get_common_indices.constprop.0
24 2
27 2
28 2
65 3
72 1
74 1
fl=./elf/../sysdeps/x86/cpu-features.c
fn=get_common_indices.constprop.0
398 3
402 4
405 5
409 1
410 4
411 4
412 4
413 3
414 2
421 2
423 9
428 8
435 2
436 7
442 2
457 3
fn=init_cpu_features.constprop.0
376 3
377 2
378 6
383 2
384 6
389 2
390 7
682 8
685 1
686 1
687 1
690 1
699 3
702 6
703 1
706 2
708 6
713 1
715 3
717 9
721 7
774 3
781 2
799 1
832 2
866 4
869 2
870 1
878 2
885 2
887 2
891 2
897 2
899 1
1001 3
1002 2
1005 2
1006 2
1012 1
1013 1
1014 1
1015 2
1019 4
1022 4
1028 3
1041 2
1042 4
1081 1
1082 2
1086 3
1103 2
1104 2
1106 3
1107 2
1109 3
1110 2
1113 2
1127 4
1129 4
1135 4
1142 8
fn=update_active.constprop.0
72 8
76 1
84 3
85 3
86 1
94 4
95 1
103 4
104 1
109 4
112 4
113 1
116 5
117 2
121 5
122 3
123 3
124 2
128 5
129 5
130 3
132 2
133 4
147 2
151 7
152 4
154 3
158 4
161 1
164 2
166 2
170 1
171 1
178 4
180 5
186 4
188 5
190 4
195 5
244 3
245 3
261 4
277 2
281 2
282 1
285 4
289 2
293 3
294 2
296 1
297 1
300 2
302 1
305 2
356 5
360 3
369 1
370 8
fl=./elf/../sysdeps/x86/dl-cacheinfo.h
fn=get_common_cache_info.constprop.0
571 11
586 1
587 1
588 2
589 1
590 2
596 3
598 7
601 2
613 1
618 3
622 2
627 5
630 24
637 8
640 26
645 2
649 3
650 2
654 2
658 3
661 4
662 1
667 4
673 4
681 6
683 2
685 4
687 12
689 1
690 1
691 9
693 4
696 7
701 1
703 4
704 3
705 1
708 2
711 2
718 1
720 4
721 1
726 2
731 2
732 1
733 2
734 1
759 3
770 5
771 5
775 2
782 1
783 2
784 1
785 7
fn=handle_intel.constprop.0
250 108
255 24
261 12
262 12
267 48
271 24
276 24
279 60
281 24
284 60
286 24
305 96
fn=init_cpu_features.constprop.0
792 1
793 1
795 1
809 2
811 3
812 3
813 3
814 2
817 3
819 3
820 2
822 3
824 3
825 1
827 3
829 3
830 2
832 3
834 3
836 3
838 5
894 2
895 2
896 2
897 2
898 2
899 2
900 1
901 1
902 1
903 1
904 1
905 1
907 1
910 3
924 3
925 7
930 2
931 6
932 2
939 3
959 6
968 2
969 2
974 12
987 5
995 7
997 2
1000 5
1002 2
1005 5
1006 5
1010 6
1011 3
1017 7
1020 11
1021 10
1022 13
1025 10
1027 10
1040 4
1042 2
1043 2
1044 1
1045 1
1046 1
1047 1
fn=intel_check_word.constprop.0
110 648
113 324
119 216
123 48
125 12
129 120
131 144
133 60
135 120
143 120
152 12
155 138
158 99
162 58
164 189
167 120
168 72
169 60
170 48
172 11
174 22
176 12
177 16
178 12
179 20
180 14
181 12
183 8
184 12
187 21
190 2
194 192
202 168
216 48
246 144
fl=./elf/../sysdeps/x86/dl-get-cpu-features.c
fn=__x86_cpu_features
39 3
71 3
fn=_dl_x86_init_cpu_features
37 1
39 3
41 1
fl=./elf/../sysdeps/x86/dl-isa-level.h
fn=_dl_load_cache_lookup
28 6
fl=./elf/../sysdeps/x86/dl-procinfo.h
fn=_dl_load_cache_lookup
39 2
42 7
fl=./elf/../sysdeps/x86/dl-prop.h
fn=_dl_map_object_from_fd
149 8
fn=_dl_process_pt_gnu_property
95 20
102 10
115 10
118 5
252 4
253 2
254 6
255 3
257 20
258 1
260 5
fn=dl_main
36 2
37 15
40 7
49 22
53 18
71 2
149 4
235 4
236 2
fl=./elf/../sysdeps/x86/get-isa-level.h
fn=_dl_hwcaps_subdirs_active
30 4
31 1
32 3
36 3
39 4
40 4
45 4
48 2
51 5
53 4
54 2
55 2
58 4
fn=update_active.constprop.0
28 1
30 4
31 1
32 3
36 3
38 1
39 2
40 4
45 4
47 1
48 2
51 5
53 4
54 2
55 2
57 1
58 4
fl=./elf/../sysdeps/x86_64/dl-cet.c
fn=_dl_cet_check
145 2
157 2
173 1
179 1
275 2
276 1
277 2
282 4
283 3
285 2
293 5
296 1
300 2
301 1
302 2
303 2
304 2
305 2
308 1
310 1
313 2
361 8
363 6
fn=_dl_cet_setup_features
331 1
334 2
350 1
fl=./elf/../sysdeps/x86_64/dl-hwcaps-subdirs.c
fn=_dl_hwcaps_subdirs_active
29 1
38 3
43 1
48 1
52 1
fl=./elf/../sysdeps/x86_64/dl-machine.h
fn=_dl_relocate_object
81 16
267 296
274 296
278 296
287 1463
290 314
291 94
292 564
295 6
296 9
307 6
314 15
317 888
320 48
323 48
393 20
400 48
402 64
406 48
415 32
423 262
436 7
460 6
464 8
465 8
466 10
467 4
476 94
478 47
479 47
498 18
499 6
503 12
504 12
730 8
734 6
fn=_dl_start
55 1
278 9
287 27
290 6
291 12
317 8
323 2
fn=_dl_sysdep_start
220 1
fl=./elf/./dl-find_object.h
fn=_dl_find_object_from_map
95 8
96 8
97 4
103 20
104 119
105 82
107 12
112 4
fl=./elf/./dl-hwcaps.h
fn=_dl_important_hwcaps
43 9
45 7
46 1
77 8
78 8
79 7
fl=./elf/./dl-load.h
fn=_dl_map_object_from_fd
91 16
92 4
93 5
94 4
96 4
fl=./elf/./dl-main.h
fn=dl_main
109 5
fl=./elf/./dl-map-segments.h
fn=_dl_map_object_from_fd
28 6
29 18
81 2
101 2
102 6
105 6
106 4
108 4
125 2
135 48
137 24
139 60
149 32
155 4
156 2
157 6
158 4
160 4
165 4
168 6
176 14
182 4
186 8
189 2
194 8
fl=./elf/./dl-sym-post.h
fn=lookup_malloc_symbol
41 8
53 12
fl=./elf/./dl-tunable-types.h
fn=__GI___tunable_set_val
84 5
fl=./elf/./elf/dl-audit.c
fn=_dl_audit_activity_map
29 7
30 1
31 3
37 6
fn=_dl_audit_activity_nsid
41 1
45 4
46 1
47 5
fn=_dl_audit_objopen
77 2
78 8
fn=_dl_audit_preinit
118 1
119 4
fl=./elf/./elf/dl-cache.c
fn=_dl_cache_libcmp
357 20
358 112
360 150
362 52
368 4
369 3
370 44
372 44
374 2
380 98
382 98
383 27
386 40
387 40
390 13
fn=_dl_load_cache_lookup
191 18
205 1
208 8
210 10
211 2
213 5
220 21
222 55
223 18
227 27
231 27
232 18
240 4
242 2
245 2
247 6
249 1
259 2
269 3
270 4
286 7
295 2
298 2
301 1
302 3
330 2
346 8
347 5
349 3
403 10
405 2
408 3
411 5
419 5
420 8
423 6
424 1
431 1
432 2
482 3
485 3
500 2
512 3
513 15
514 4
515 1
516 8
fn=_dl_unload_cache
525 3
526 4
528 2
529 1
533 1
535 2
fl=./elf/./elf/dl-call-libc-early-init.c
fn=_dl_call_libc_early_init
27 7
29 2
33 5
37 2
39 4
40 2
41 3
fl=./elf/./elf/dl-catch.c
fn=_dl_catch_error
254 12
256 2
257 2
258 2
259 2
261 6
fn=_dl_catch_exception
58 9
59 6
69 6
70 15
204 24
207 6
214 3
228 3
229 6
235 18
237 9
239 12
248 9
fn=_dl_receive_error
58 2
59 1
69 2
70 2
186 7
188 1
192 1
194 1
197 1
198 4
fl=./elf/./elf/dl-debug.c
fn=_dl_debug_initialize
56 3
57 1
59 2
61 2
63 3
64 1
85 3
90 3
91 2
92 1
95 3
96 6
99 2
107 2
fn=_dl_debug_state
116 2
117 2
fn=_dl_debug_update
38 3
40 6
41 3
44 6
48 3
fl=./elf/./elf/dl-deps.c
fn=_dl_map_object_deps
128 3
129 5
130 6
132 3
136 8
143 13
144 20
160 9
161 1
164 1
182 1
183 6
184 1
188 9
190 12
193 4
197 12
198 25
201 8
205 4
208 16
210 8
215 2
216 2
217 4
218 4
219 2
221 238
222 112
228 23
230 2
232 8
233 4
242 2
244 4
249 14
252 2
253 2
254 2
255 4
256 2
257 2
259 8
263 6
264 3
266 162
417 8
419 10
422 4
423 8
429 2
430 10
431 10
434 2
435 4
439 12
441 4
442 17
448 5
449 1
452 4
463 5
465 4
470 5
471 1
472 2
474 16
478 4
483 8
485 12
490 4
494 2
495 3
532 2
533 2
547 9
552 9
553 5
557 1
559 2
560 1
561 3
568 3
571 2
574 8
fn=openaux
61 12
64 22
65 2
68 2
69 6
fl=./elf/./elf/dl-environ.c
fn=_dl_next_ld_env_entry
28 3
29 3
32 172
34 112
35 20
37 2
40 4
42 2
45 54
fl=./elf/./elf/dl-find_object.c
fn=_dl_find_object_init
561 5
564 1
566 2
567 3
579 2
580 3
582 2
585 2
590 1
591 1
594 3
596 2
599 6
601 1
604 4
fn=_dlfo_process_initial
474 8
475 2
477 2
478 4
504 24
505 22
506 8
508 28
511 24
513 18
515 6
516 6
517 12
529 2
531 8
fn=_dlfo_sort_mappings
536 1
537 2
540 12
544 4
545 19
546 15
548 2
549 2
553 8
554 10
555 4
557 1
fl=./elf/./elf/dl-hwcaps.c
fn=_dl_important_hwcaps
52 16
54 2
55 4
56 2
57 2
77 16
80 16
84 2
86 6
87 2
88 2
100 5
102 3
105 1
108 1
112 5
125 12
127 10
128 4
129 4
130 2
133 3
142 13
143 11
145 8
151 5
155 4
156 3
157 3
161 1
162 2
163 2
172 14
174 2
175 3
185 2
186 3
189 3
193 2
194 2
201 1
202 5
208 2
209 1
213 3
216 9
fl=./elf/./elf/dl-hwcaps_split.c
fn=_dl_hwcaps_split
25 5
26 3
27 1
47 4
fn=_dl_hwcaps_split_masked
26 44
30 24
34 78
35 12
36 24
41 36
42 18
43 12
45 6
51 110
55 5
56 18
57 27
58 24
60 6
62 88
67 12
fl=./elf/./elf/dl-init.c
fn=_dl_init
29 10
35 25
37 26
81 13
82 1
83 1
86 3
89 2
94 4
119 1
120 20
121 8
127 8
fn=call_init.part.0
26 48
43 12
46 12
47 2
51 6
59 9
60 6
63 3
64 6
70 6
72 4
73 22
74 12
76 32
fl=./elf/./elf/dl-load.c
fn=_dl_dst_count
238 18
241 4
244 4
245 2
264 18
fn=_dl_init_paths
706 13
720 4
725 1
727 3
734 3
735 2
739 4
741 4
747 1
748 1
756 8
758 8
759 4
761 5
762 7
763 4
766 13
767 10
768 18
770 32
776 1
777 1
782 1
785 3
787 4
789 3
806 1
808 3
822 2
825 5
827 23
831 2
832 60
833 14
834 28
836 1
837 1
838 2
844 6
847 3
853 1
857 8
fn=_dl_map_object
682 10
696 5
1967 36
1969 2
1975 6
1976 12
1979 51
1984 49
1986 35
1990 12
1991 18
1994 10
1995 6
1996 10
2010 8
2011 6
2019 6
2034 2
2036 10
2040 4
2042 2
2049 4
2053 1
2054 1
2058 3
2059 1
2073 5
2074 7
2075 1
2084 2
2099 2
2100 16
2106 3
2107 1
2115 1
2129 2
2131 3
2135 3
2137 2
2141 2
2149 2
2172 9
2176 3
2177 1
2194 2
2200 1
2201 4
2202 2
2203 2
2207 9
2210 3
2222 8
2267 4
2268 34
2270 29
fn=_dl_map_object_from_fd
944 28
959 8
989 29
990 10
1008 4
1036 8
1046 4
1053 16
1054 4
1065 4
1066 6
1067 4
1069 6
1070 8
1071 2
1074 17
1075 6
1086 2
1088 2
1090 44
1091 2
1092 2
1093 2
1094 2
1100 87
1101 213
1107 4
1114 5
1115 6
1116 20
1121 2
1122 1
1127 62
1135 40
1136 52
1137 40
1138 8
1139 16
1141 56
1143 16
1156 16
1157 30
1162 8
1163 82
1176 3
1180 4
1181 1
1185 5
1186 2
1189 1
1194 4
1209 4
1210 2
1213 6
1218 14
1228 38
1229 16
1235 4
1245 8
1252 14
1264 2
1268 8
1269 6
1275 4
1276 4
1278 4
1288 6
1307 6
1309 12
1361 6
1362 2
1368 70
1369 117
1375 33
1380 8
1393 4
1395 8
1397 4
1413 4
1417 4
1418 4
1435 4
1436 1
1439 4
1444 4
1449 4
1461 16
1462 6
1463 9
1464 3
1465 5
1471 4
1472 4
1477 2
1484 6
1487 4
1491 6
1492 6
1510 4
1514 14
1515 8
1519 18
fn=_dl_process_pt_gnu_property
868 9
869 6
870 3
876 6
882 15
885 9
886 6
887 6
890 9
891 9
895 3
896 6
900 10
901 5
904 10
907 5
908 20
918 9
920 12
fn=expand_dynamic_string_token
241 6
244 4
385 20
399 4
410 14
fn=fillin_rpath.isra.0
468 17
472 1
474 12
481 2
483 6
487 2
492 3
493 2
500 5
505 2
509 15
510 8
528 4
532 4
534 2
538 1
539 2
540 4
541 1
543 2
549 4
550 14
551 4
553 2
554 3
555 1
561 2
562 1
565 3
571 1
574 8
fn=open_path
1812 11
1813 2
1816 1
1817 1
1819 2
1822 2
1824 22
1827 2
1831 1
1835 6
1842 6
1843 22
1846 6
1851 33
1854 6
1860 9
1863 24
1865 9
1867 6
1872 6
1873 21
1879 9
1881 20
1882 2
1884 3
1891 14
1893 4
1937 8
1941 1
1943 4
1946 3
1960 9
fn=open_verify.constprop.0
1572 60
1604 15
1609 6
1623 25
1625 10
1633 2
1634 6
1639 12
1641 4
1643 4
1645 4
1651 4
1668 29
1749 4
1754 4
1760 8
1766 4
1772 8
1773 8
1777 16
1778 5
1799 45
fl=./elf/./elf/dl-lookup-direct.c
fn=_dl_lookup_direct
32 15
33 9
35 6
36 6
48 9
51 6
53 21
57 9
58 21
59 15
74 39
76 6
78 21
79 6
81 12
84 25
86 12
93 6
115 3
116 27
fl=./elf/./elf/dl-lookup.c
fn=_dl_lookup_symbol_x
772 1690
774 260
775 520
778 130
782 502
785 260
787 260
791 1855
792 2210
797 650
799 42
816 130
817 21
820 260
821 845
828 151
856 492
870 369
871 2
873 246
890 492
892 1170
fn=check_match
70 1935
73 1032
78 12
86 635
89 656
93 127
94 254
96 250
115 250
116 1000
117 605
118 8
119 8
144 4
146 12
147 8
161 123
162 1032
fn=do_lookup_x
347 1820
348 130
353 130
354 130
358 828
361 828
365 1100
386 824
390 824
396 1236
400 412
401 412
404 2060
405 1236
408 412
409 824
411 412
412 390
413 824
415 910
416 1648
419 2884
422 252
423 378
424 252
426 252
429 1475
431 387
432 3192
433 258
436 387
439 528
461 984
470 24
476 246
483 920
487 48
499 246
500 123
501 123
518 873
521 7
522 1040
fl=./elf/./elf/dl-minimal-malloc.c
fn=__minimal_calloc
80 40
84 8
87 8
88 24
fn=__minimal_free
97 1
99 4
fn=__minimal_malloc
36 192
37 72
42 3
43 2
44 2
48 95
51 160
56 8
57 8
59 2
60 16
62 4
64 8
65 6
67 6
70 24
71 26
73 144
fl=./elf/./elf/dl-minimal.c
fn=__rtld_malloc_init_real
76 10
86 2
87 1
89 1
91 6
92 5
93 5
94 4
99 1
100 1
101 1
102 1
103 8
fn=__rtld_malloc_init_stubs
42 1
43 2
44 2
45 2
46 2
47 1
fn=lookup_malloc_symbol
61 36
63 4
64 28
68 28
69 28
71 4
72 24
fn=strsep
239 2
242 4
244 2
245 4
247 2
249 47
251 28
254 56
256 84
264 14
267 1
271 4
fl=./elf/./elf/dl-misc.c
fn=_dl_name_match_p
68 98
69 56
70 3
72 14
74 58
75 90
80 15
82 11
83 56
fn=_dl_sysdep_read_whole_file
36 11
39 3
40 2
42 6
44 2
47 2
49 8
60 3
63 8
fl=./elf/./elf/dl-object.c
fn=_dl_add_to_namespace_list
31 27
33 9
35 26
38 20
40 2
42 2
45 2
46 9
47 6
48 6
50 6
51 15
fn=_dl_new_object
59 45
62 6
64 2
66 3
67 2
71 6
77 2
80 4
83 11
87 4
92 2
95 6
98 3
99 3
100 6
103 6
104 21
106 3
119 13
123 2
125 1
127 21
130 6
131 6
132 3
136 3
139 34
141 20
149 6
150 3
153 1
155 18
157 8
160 8
164 8
168 14
176 1
179 6
189 12
191 8
195 6
199 4
200 4
208 2
212 2
245 8
250 84
251 84
255 4
256 2
259 2
263 27
fl=./elf/./elf/dl-reloc.c
fn=_dl_relocate_object
170 780
171 266
174 1391
175 84
177 7
178 28
182 252
183 126
184 126
186 1014
187 600
188 240
190 937
193 126
194 882
196 7
207 55
208 10
220 8
221 12
224 16
226 12
228 4
229 12
251 20
252 8
253 2
255 8
262 12
301 10034
304 20
328 4
331 8
348 12
350 40
356 24
359 8
363 8
364 24
fl=./elf/./elf/dl-setup_hash.c
fn=_dl_setup_hash
25 8
28 12
31 12
32 8
33 4
34 4
36 12
37 4
38 12
40 4
41 8
43 4
45 12
50 4
fl=./elf/./elf/dl-sort-maps.c
fn=_dl_sort_maps
140 20
181 1
182 2
183 17
184 8
211 17
216 2
218 1
219 5
221 13
223 4
226 12
244 4
263 4
276 4
283 1
298 13
306 3
310 9
fn=_dl_sort_maps_init
289 4
290 4
291 1
292 3
293 2
fn=dfs_traversal.part.0
135 36
140 6
143 4
145 12
147 20
156 8
171 12
172 4
173 24
fl=./elf/./elf/dl-tunables.c
fn=__GI___tunable_set_val
72 50
82 5
93 40
94 25
97 10
100 35
104 10
111 10
112 10
115 25
116 5
117 5
118 5
153 30
157 15
fn=__GI___tunables_init
42 285
45 56
48 5558
52 112
56 224
128 1
261 10
267 4
281 9184
283 2
287 16632
304 8
fn=__tunable_get_val
387 72
390 426
399 47
400 14
409 28
416 216
418 36
fl=./elf/./elf/dl-tunables.h
fn=__GI___tunable_set_val
141 10
142 10
151 5
fn=__GI___tunables_init
160 1150
161 2672
fl=./elf/./elf/dl-version.c
fn=_dl_check_all_versions
392 7
394 1
396 17
397 4
398 36
401 7
fn=_dl_check_map_versions
36 26
37 5
38 37
56 24
64 18
70 18
86 6
87 12
89 6
94 144
108 114
110 6
113 48
120 153
124 51
155 40
156 4
164 6
170 12
172 20
174 4
175 4
177 8
180 6
184 16
200 6
208 6
213 6
215 4
217 24
218 51
221 12
224 18
228 4
231 24
234 18
239 4
243 6
257 15
260 4
263 198
266 148
270 46
274 9
279 3
280 12
281 9
291 3
294 17
296 6
299 8
303 6
306 18
308 24
310 30
311 12
312 18
313 18
316 18
321 4
324 6
334 6
337 4
341 46
343 96
347 46
348 230
349 138
350 46
353 144
357 46
365 4
366 4
367 4
368 2
370 4
372 124
373 60
375 2
376 7
387 36
fl=./elf/./elf/do-rel.h
fn=_dl_relocate_object
49 24
50 24
51 4
53 40
72 3
73 4
80 24
114 24
123 36
124 12
126 24
129 24
131 786
133 945
134 756
135 567
136 756
138 567
141 188
142 47
143 47
147 142
150 442
151 144
164 12
165 211
166 189
169 141
171 188
172 47
173 94
180 31
182 42
183 12
185 18
193 6
196 18
211 7
fn=_dl_start
49 6
50 4
51 1
53 10
56 4
61 13
63 9
64 6
65 3
fl=./elf/./elf/get-dynamic-info.h
fn=_dl_map_object_from_fd
39 4
43 2
45 194
49 94
51 26
52 13
53 3
54 42
55 34
56 10
59 8
62 8
64 8
68 47
72 8
84 7
85 8
86 8
87 8
88 7
89 7
90 7
91 8
103 16
110 7
115 2
122 2
123 6
129 6
130 3
147 6
152 2
154 2
156 2
158 2
159 2
162 6
164 6
165 4
174 4
175 6
180 4
181 3
184 4
fl=./elf/./elf/libc_early_init.c
fn=__libc_early_init
33 9
35 1
38 2
41 2
47 4
49 2
fl=./elf/./elf/rtld.c
fn=_dl_start
85 8
458 2
476 3
477 1
478 2
488 1
494 4
496 2
517 16
543 1
546 2
547 4
563 190
565 1
578 1
585 9
fn=dl_main
85 17
92 12
93 2
101 9
197 2
199 1
224 3
225 5
226 4
296 3
302 1
303 1
837 1
839 1
848 1
850 1
855 1
1115 1
1116 1
1118 1
1122 3
1124 1
1125 1
1140 1
1143 46
1144 117
1148 3
1153 3
1154 9
1163 2
1164 2
1166 1
1173 3
1191 2
1199 8
1200 17
1201 8
1202 1
1204 12
1205 14
1209 8
1210 8
1211 4
1215 12
1243 2
1247 3
1253 28
1254 61
1260 17
1266 4
1269 3
1271 3
1346 13
1351 1
1352 1
1357 1
1373 3
1374 4
1637 10
1639 2
1640 3
1641 2
1642 3
1646 2
1647 2
1672 3
1673 5
1674 3
1675 3
1678 1
1680 1
1681 1
1683 2
1684 2
1688 2
1690 2
1698 4
1705 2
1708 2
1733 4
1735 1
1740 2
1743 4
1744 4
1745 3
1746 1
1747 1
1748 1
1759 2
1760 2
1762 2
1764 1
1765 3
1770 5
1771 5
1773 3
1779 2
1788 2
1792 1
1793 2
1817 2
1823 1
1824 1
1825 1
1829 3
1834 3
1836 1
1838 2
1842 5
1847 2
1863 6
1939 4
1943 19
1944 1
1947 3
1948 1
1949 2
1950 2
1955 3
1965 9
1971 19
1972 12
1975 3
1976 2
1977 1
1979 14
1980 6
1984 2
1990 1
1992 3
1993 2
1995 2
1997 3
1999 3
2000 1
2001 2
2013 2
2014 2
2015 3
2026 5
2027 4
2028 5
2038 2
2039 2
2040 4
2042 2
2047 3
2246 3
2250 3
2256 2
2259 2
2267 2
2279 3
2282 3
2284 3
2285 6
2292 2
2293 21
2295 8
2300 8
2302 10
2304 1
2305 1
2308 4
2310 8
2311 24
2315 10
2316 3
2325 2
2329 4
2331 1
2338 4
2341 2
2345 3
2347 2
2357 1
2362 3
2365 1
2371 1
2372 5
2380 3
2387 1
2390 3
2394 3
2395 1
2396 1
2397 1
2401 1
2406 8
2538 1
2598 1
2600 2
2602 15
2604 2
2606 107
2607 19
2615 13
2640 2
2650 4
2652 2
2653 1
2687 5
2689 2
2690 2
2691 1
2727 5
2749 3
fn=handle_preload_list
183 3
806 1
810 2
811 2
812 1
814 1
816 6
817 3
825 3
869 13
870 3
874 5
877 4
878 3
880 4
881 2
887 1
889 2
891 2
892 1
895 9
fn=init_tls
734 4
736 2
740 3
746 2
749 1
750 1
751 1
755 1
757 1
761 2
762 2
763 12
764 4
765 8
769 3
771 1
773 3
776 2
779 1
786 2
787 2
793 2
797 1
800 5
fn=map_doit
641 6
643 4
644 6
646 3
fn=version_check_doit
674 6
676 6
680 3
fl=./elf/./get-dynamic-info.h
fn=_dl_start
45 75
49 36
51 10
52 5
54 20
55 16
56 5
59 4
62 4
64 4
68 18
72 3
84 4
85 3
86 4
87 4
88 5
89 3
90 4
91 4
103 10
110 3
123 3
129 3
130 3
133 2
134 3
139 5
142 5
fn=dl_main
39 4
43 1
45 107
49 52
51 12
52 6
54 25
55 21
56 5
59 4
62 4
64 4
68 26
72 7
84 3
85 5
86 5
87 5
88 4
89 5
90 5
91 5
103 9
110 3
115 2
122 3
123 4
129 3
147 4
152 2
154 2
156 2
158 2
159 2
162 4
164 3
165 2
174 2
175 3
180 2
181 3
184 3
fl=./elf/./setup-vdso.h
fn=dl_main
24 2
fl=./io/../sysdeps/unix/sysv/linux/access.c
fn=access
25 1
27 7
31 1
fl=./io/../sysdeps/unix/sysv/linux/close.c
fn=close
26 6
27 36
28 6
fl=./io/../sysdeps/unix/sysv/linux/close_nocancel.c
fn=__GI___close_nocancel
25 3
26 12
27 3
fl=./io/../sysdeps/unix/sysv/linux/fstat64.c
fn=fstat
30 9
39 36
72 9
fl=./io/../sysdeps/unix/sysv/linux/fstatat64.c
fn=fstatat
91 14
146 14
160 16
161 27
162 1
fl=./io/../sysdeps/unix/sysv/linux/link.c
fn=link
26 4
28 16
32 4
fl=./io/../sysdeps/unix/sysv/linux/lstat64.c
fn=lstat
28 8
29 16
fl=./io/../sysdeps/unix/sysv/linux/open64.c
fn=open
30 108
33 47
36 20
37 4
41 101
43 72
fl=./io/../sysdeps/unix/sysv/linux/open64_nocancel.c
fn=__open_nocancel
28 24
31 42
39 51
41 12
fl=./io/../sysdeps/unix/sysv/linux/pipe.c
fn=pipe
28 2
29 10
30 2
fl=./io/../sysdeps/unix/sysv/linux/pread64_nocancel.c
fn=__pread64_nocancel
25 4
26 8
27 2
fl=./io/../sysdeps/unix/sysv/linux/read.c
fn=read
25 1
26 4
fl=./io/../sysdeps/unix/sysv/linux/read_nocancel.c
fn=__read_nocancel
25 2
26 8
27 2
fl=./io/../sysdeps/unix/sysv/linux/stat64.c
fn=stat
28 6
29 12
fl=./io/../sysdeps/unix/sysv/linux/unlink.c
fn=unlink
26 4
28 16
32 4
fl=./io/../sysdeps/unix/sysv/linux/write.c
fn=write
25 11
26 66
27 11
fl=./libio/../include/sys/sysmacros.h
fn=_IO_file_doallocate
47 12
fl=./libio/./libio/filedoalloc.c
fn=_IO_file_doallocate
78 22
84 18
86 8
89 4
91 4
94 4
97 8
101 6
102 4
104 8
105 2
106 18
fl=./libio/./libio/fileops.c
fn=_IO_do_write@@GLIBC_2.2.5
424 37
426 24
427 25
434 6
441 12
444 3
449 15
450 15
452 9
453 6
454 3
455 6
456 12
fn=_IO_file_overflow@@GLIBC_2.2.5
732 256
733 128
740 158
743 2
745 2
746 6
755 3
764 3
765 1
766 1
767 1
768 1
769 3
771 3
772 5
773 2
775 64
776 6
777 34
778 58
781 87
782 87
783 116
784 4
785 3
787 29
788 189
fn=_IO_file_read
1131 1
1132 1
1133 1
1134 3
fn=_IO_file_stat
1147 2
1148 4
fn=_IO_file_underflow@@GLIBC_2.2.5
462 10
466 3
469 2
475 3
478 2
481 3
486 2
490 3
497 15
499 4
501 4
506 2
512 6
517 5
fn=_IO_file_write@@GLIBC_2.2.5
1174 24
1175 6
1176 18
1180 9
1181 9
1182 6
1187 3
1188 3
1190 9
1191 9
1194 18
fn=_IO_file_xsputn@@GLIBC_2.2.5
444 2
446 2
1198 27
1200 1
1204 12
1205 3
1211 12
1213 10
1214 4
1217 67
1219 93
1221 1
1228 3
1229 1
1232 3
1234 4
1236 10
1237 2
1238 6
1240 4
1244 12
1250 4
1251 10
1253 6
1264 4
1265 4
1267 3
1268 27
fl=./libio/./libio/genops.c
fn=_IO_default_uflow
361 6
362 3
fn=_IO_default_xsputn
371 11
373 2
374 4
375 1
379 120
399 292
401 29
404 8
fn=_IO_doallocbuf
343 16
344 4
346 6
347 10
350 12
fn=_IO_setb
329 22
330 8
332 2
333 2
335 12
338 12
fn=_IO_switch_to_get_mode
164 6
165 3
168 3
172 2
173 2
176 1
178 2
180 2
181 1
182 4
fn=__uflow
173 1
299 6
300 5
305 3
308 3
310 2
316 2
321 3
323 4
324 3
fl=./libio/./libio/iofgets.c
fn=fgets
32 7
37 4
39 2
47 14
51 2
52 2
53 7
fl=./libio/./libio/iogetline.c
fn=_IO_getline
33 1
34 2
fn=_IO_getline_info
49 15
51 2
53 3
54 2
55 4
57 3
58 2
60 2
fl=./libio/./libio/libioP.h
fn=_IO_default_uflow
1025 3
1026 2
fn=_IO_default_xsputn
1025 59
1026 58
fn=_IO_do_write@@GLIBC_2.2.5
1025 9
1026 6
fn=_IO_doallocbuf
1025 6
1026 4
fn=_IO_file_doallocate
1025 6
1026 4
fn=_IO_file_underflow@@GLIBC_2.2.5
979 2
980 10
1025 6
1026 4
fn=_IO_file_xsputn@@GLIBC_2.2.5
1025 6
1026 4
fn=__uflow
1025 3
1026 2
fl=./libio/./libio/vtables.c
fn=check_stdfiles_vtables
545 1
546 4
547 3
548 3
550 1
fl=./malloc/../include/alloc_buffer.h
fn=__libc_alloc_buffer_copy_bytes
164 24
196 36
199 12
fl=./malloc/../string/bits/string_fortified.h
fn=__libc_alloc_buffer_copy_bytes
29 24
fn=tcache_init.part.0
59 88
fl=./malloc/../sysdeps/unix/sysv/linux/not-cancel.h
fn=ptmalloc_init.part.0
97 6
fl=./malloc/./malloc/alloc_buffer_copy_bytes.c
fn=__libc_alloc_buffer_copy_bytes
28 84
30 24
33 72
fl=./malloc/./malloc/arena.c
fn=malloc
153 20
264 1
fn=ptmalloc_init.part.0
262 8
267 1
292 2
296 3
300 4
301 4
302 4
303 4
304 4
305 4
306 4
308 4
309 4
310 4
313 4
314 4
316 2
326 8
fl=./malloc/./malloc/malloc.c
fn=_int_malloc
1326 22
1345 66
1794 11
2008 8
2017 2
2552 6
2553 1
2564 2
2589 4
2590 2
2599 4
2608 3
2669 3
2677 2
2678 3
2691 3
2693 1
2699 5
2707 2
2709 4
2710 3
2711 1
2712 1
2715 2
2744 3
2745 1
2746 2
2752 8
2755 4
2782 2
2783 1
2795 3
2814 2
2817 2
2818 6
2820 1
2821 6
2833 5
2873 1
2875 1
2876 5
2877 1
2888 3
2921 3
2922 1
2926 1
2930 5
2932 1
2933 1
2934 1
2935 7
2936 2
2938 1
3846 121
3882 1
3887 22
3914 22
3916 32
3919 8
3921 16
3930 24
3977 6
3979 22
3980 18
3982 27
4039 10
4040 6
4058 31
4059 33
4060 33
4070 56
4257 33
4259 8
4262 6
4263 11
4330 11
4331 22
4332 22
4333 22
4334 66
4339 44
4343 109
4346 112
4443 11
4444 22
4446 22
4449 33
4451 10
4452 20
4453 10
4454 80
4456 20
4459 20
4460 33
4461 11
4466 4
4482 1
4487 132
fn=alloc_perturb
1985 33
1987 11
fn=malloc
1326 20
1345 50
3248 4
3294 80
3301 20
3311 20
3313 40
3316 20
3317 4
3318 30
3326 20
3328 40
3329 50
3354 60
fn=ptmalloc_init.part.0
1946 385
1949 381
1957 1
1958 1
1960 1
3143 2
fn=tcache_init.part.0
3242 4
3251 8
3252 3
3253 2
3261 4
3270 2
3274 3
fl=./malloc/./malloc/morecore.c
fn=__glibc_morecore
25 6
26 4
29 2
30 4
34 4
fl=./malloc/./malloc/scratch_buffer_set_array_size.c
fn=__libc_scratch_buffer_set_array_size
30 26
34 2
35 4
45 4
46 2
63 12
fl=./misc/../sysdeps/unix/syscall-template.S
fn=mprotect
117 20
122 4
fn=munmap
117 5
122 1
fl=./misc/../sysdeps/unix/sysv/linux/brk.c
fn=brk
36 2
37 4
38 4
44 2
45 2
fl=./misc/../sysdeps/unix/sysv/linux/brk_call.h
fn=brk
24 4
fl=./misc/../sysdeps/unix/sysv/linux/mmap64.c
fn=mmap
47 112
50 32
53 81
58 96
60 64
fl=./misc/../sysdeps/unix/sysv/linux/setvmaname.c
fn=__set_vma_name
33 11
35 7
40 7
47 1
49 6
fl=./misc/./misc/init-misc.c
fn=__init_misc
30 5
31 6
33 3
37 5
38 3
40 4
fl=./misc/./misc/mktemp.c
fn=mktemp
26 24
27 24
32 16
fl=./misc/./misc/sbrk.c
fn=sbrk
37 16
40 4
43 4
58 4
59 4
62 4
63 2
66 4
74 3
78 14
fl=./misc/./misc/tsearch.c
fn=tfind
372 28
376 8
377 4
382 36
384 5
387 15
388 10
391 20
394 28
fn=tsearch
207 16
211 8
213 16
217 24
220 11
221 6
222 1
223 6
224 1
228 17
230 3
237 6
264 3
267 2
268 1
269 2
278 4
279 4
291 68
302 8
306 14
307 8
308 3
313 15
315 10
316 22
317 10
325 20
326 10
329 2
330 2
331 2
333 2
337 22
338 8
349 19
350 8
352 8
355 6
362 36
fl=./nptl/../nptl/descr.h
fn=pthread_setcancelstate
439 8
fl=./nptl/../string/bits/string_fortified.h
fn=__sem_check_add_mapping
29 114
fn=sem_open@@GLIBC_2.34
59 8
fl=./nptl/../sysdeps/pthread/sem_open.c
fn=sem_open@@GLIBC_2.34
39 64
52 20
53 8
62 12
67 16
70 24
72 8
75 24
94 20
96 8
97 4
101 8
105 8
121 24
130 16
137 24
138 8
140 4
161 48
164 52
169 36
194 28
199 20
204 12
210 8
211 8
212 12
217 12
221 48
fl=./nptl/../sysdeps/pthread/sem_routines.c
fn=__sem_check_add_mapping
71 60
72 4
73 8
74 4
75 4
81 24
84 12
89 8
92 24
93 12
104 16
105 12
108 8
113 8
115 4
116 4
120 12
121 32
123 12
132 16
135 8
144 48
fn=sem_search
46 10
50 30
52 20
59 10
fl=./nptl/../sysdeps/unix/sysv/linux/x86/elision-conf.c
fn=__lll_elision_init
92 8
96 5
98 4
100 4
102 4
104 4
107 3
108 1
109 6
fl=./nptl/./nptl/pthread_mutex_conf.c
fn=__pthread_tunables_init
55 8
56 5
58 4
60 4
62 6
fl=./nptl/./nptl/pthread_setcancelstate.c
fn=pthread_setcancelstate
25 8
28 16
33 48
38 16
42 12
44 16
47 16
50 16
57 16
58 8
fl=./nptl/./semaphoreP.h
fn=sem_open@@GLIBC_2.34
28 4
37 4
fl=./posix/../include/alloc_buffer.h
fn=__shm_get_name
371 72
372 4
fl=./posix/../malloc/dynarray-skeleton.c
fn=__run_postfork_handlers
243 2
fn=__run_prefork_handlers
243 2
fl=./posix/../sysdeps/nptl/_Fork.c
fn=_Fork
24 2
26 4
48 4
fl=./posix/../sysdeps/unix/syscall-template.S
fn=getpid
91 3
93 1
fl=./posix/../sysdeps/unix/sysv/linux/arch-fork.h
fn=_Fork
50 20
54 2
fl=./posix/./posix/fork.c
fn=fork
41 24
48 8
51 6
60 4
74 4
76 4
114 4
127 8
129 4
134 24
fl=./posix/./posix/register-atfork.c
fn=__run_postfork_handlers
169 30
171 6
215 4
217 16
fn=__run_prefork_handlers
114 20
117 4
126 4
129 4
164 18
fl=./posix/./posix/shm-directory.c
fn=__shm_get_name
32 56
51 20
52 4
53 12
55 8
57 4
58 32
59 4
60 8
66 4
67 36
fl=./resource/../sysdeps/unix/sysv/linux/getrlimit64.c
fn=getrlimit
38 2
39 7
40 1
fl=./setjmp/../sysdeps/x86_64/bsd-_setjmp.S
fn=_setjmp
28 1
30 1
32 1
fl=./setjmp/../sysdeps/x86_64/setjmp.S
fn=__sigsetjmp
31 4
33 4
42 4
43 8
44 4
48 4
49 4
50 4
51 4
52 4
54 8
56 4
57 4
58 4
60 8
62 4
67 1
68 1
70 3
73 3
74 3
81 3
82 3
85 1
fl=./setjmp/./setjmp/sigjmp.c
fn=__sigjmp_save
28 6
29 1
30 2
34 4
fl=./stdio-common/../include/printf_buffer.h
fn=__printf_buffer
163 8
fn=__printf_buffer_to_file_init
124 6
127 3
128 3
137 6
fl=./stdio-common/../libio/libioP.h
fn=__printf_buffer_to_file_done
1025 9
1026 6
fl=./stdio-common/../string/bits/string_fortified.h
fn=__printf_buffer_write
29 21
fl=./stdio-common/../sysdeps/posix/tempname.c
fn=__gen_tempname
85 32
86 8
93 24
230 20
245 8
268 16
271 20
278 16
285 4
286 12
287 48
298 80
300 48
304 4
305 4
307 16
312 312
313 48
314 20
317 24
318 8
320 12
334 60
336 44
fn=try_nocreate
191 28
194 32
196 20
197 20
fl=./stdio-common/./stdio-common/Xprintf_buffer_done.c
fn=__printf_buffer_done
25 3
26 9
31 6
33 36
40 3
fl=./stdio-common/./stdio-common/Xprintf_buffer_write.c
fn=__printf_buffer_write
27 56
28 21
31 42
33 35
36 7
37 14
40 21
41 7
44 42
fl=./stdio-common/./stdio-common/_itoa.c
fn=_itoa_word
169 2
172 8
174 4
183 88
192 4
fl=./stdio-common/./stdio-common/printf-parse.h
fn=__printf_buffer
82 23
fl=./stdio-common/./stdio-common/printf.c
fn=printf
28 42
32 18
33 21
37 15
fl=./stdio-common/./stdio-common/printf_buffer_to_file.c
fn=__printf_buffer_to_file_done
51 12
53 12
58 9
59 18
65 6
66 3
117 24
118 9
121 6
122 15
fn=__printf_buffer_to_file_init
108 3
109 6
111 3
112 3
fn=__printf_buffer_to_file_switch
29 6
30 30
40 6
41 6
44 24
45 6
fl=./stdio-common/./stdio-common/vfprintf-internal.c
fn=__printf_buffer
600 45
627 15
631 2
634 2
638 12
642 2
653 9
654 6
655 9
659 6
663 16
683 2
684 2
685 2
686 2
687 2
690 4
691 2
692 2
693 2
694 2
695 2
698 2
699 2
705 28
973 6
1018 2
1024 2
1028 6
1029 4
1031 4
1044 33
fn=__vfprintf_internal
1522 39
1525 20
1529 15
1540 6
1543 12
1544 15
1545 9
1567 33
fl=./stdio-common/./stdio-common/vfprintf-process-arg.c
fn=__printf_buffer
35 2
48 4
49 2
50 4
52 4
53 16
57 4
58 4
67 2
136 6
138 4
155 30
161 18
166 12
170 4
186 10
187 18
195 10
197 6
199 8
201 14
206 4
208 8
211 4
224 4
233 4
236 4
240 10
fl=./stdlib/../sysdeps/unix/sysv/linux/getrandom.c
fn=getrandom
28 4
29 24
30 4
fl=./stdlib/./stdlib/cxa_atexit.c
fn=__cxa_atexit
41 2
43 8
44 2
46 2
52 3
53 1
54 1
55 1
56 1
57 4
58 1
67 7
69 6
fn=__new_exitfn
80 5
81 1
86 2
91 10
93 4
101 1
122 1
123 1
134 1
136 1
137 1
141 5
fl=./string/../include/rtld-malloc.h
fn=strdup
56 6
fl=./string/../string/strcspn.c
fn=strcspn
32 6
33 3
34 2
39 6
40 4
41 4
42 4
44 1
47 9
48 6
51 4
52 4
53 4
54 4
56 3
61 13
62 26
63 26
64 26
65 13
67 78
69 1
70 4
71 3
fl=./string/../sysdeps/x86/cacheinfo.c
fn=__x86_cacheinfo
86 1
fl=./string/../sysdeps/x86/cacheinfo.h
fn=__x86_cacheinfo
59 1
62 3
64 3
65 1
71 3
73 3
74 1
78 2
80 2
81 2
82 2
84 2
86 2
fl=./string/../sysdeps/x86_64/multiarch/../multiarch/memcmp-sse2.S
fn=bcmp
59 1
71 1
72 1
94 1
95 1
140 1
141 1
143 1
144 1
146 1
147 1
149 1
150 1
197 1
198 1
199 1
200 1
201 1
202 1
fl=./string/../sysdeps/x86_64/multiarch/../multiarch/memset-vec-unaligned-erms.S
fn=memset
132 7
133 35
138 7
139 7
142 2
143 2
244 2
245 2
257 2
260 2
261 2
273 2
274 2
287 2
288 2
290 2
293 1
296 2
299 35
300 35
301 35
302 35
303 35
304 35
305 35
308 2
309 2
310 2
311 2
316 2
350 5
352 5
353 5
392 5
393 5
395 5
fl=./string/../sysdeps/x86_64/multiarch/../multiarch/strchr-sse2.S
fn=index
32 15
33 15
34 15
35 15
36 15
37 15
38 15
39 15
40 15
41 15
42 15
43 15
44 15
45 15
46 15
47 15
48 15
49 15
50 13
54 13
55 13
56 13
57 13
59 13
63 2
64 2
65 2
66 2
67 2
68 2
69 2
70 2
71 2
72 2
73 2
74 2
75 2
76 2
77 2
78 2
79 2
80 2
81 2
82 2
83 2
84 2
85 2
86 2
138 2
142 2
143 2
144 2
145 2
147 2
fl=./string/../sysdeps/x86_64/multiarch/../multiarch/strcmp-sse2.S
fn=strcmp
98 237
131 237
132 237
134 237
135 237
156 237
157 237
158 205
159 205
160 176
161 176
162 176
163 176
180 176
181 176
182 176
183 176
184 176
185 176
186 176
191 13
192 39
201 74
202 74
203 74
204 74
205 74
206 74
207 74
208 74
209 71
210 35
211 35
212 35
214 71
215 71
216 71
217 71
218 71
219 71
229 3
230 3
231 3
233 3
239 3
240 3
241 3
242 3
243 3
248 3
300 8
301 8
302 8
303 8
304 8
306 8
307 8
308 8
309 8
310 8
311 8
312 8
313 8
316 8
317 8
318 8
324 8
325 8
326 16
330 8
331 8
334 8
335 8
336 8
338 8
339 8
340 8
344 8
345 8
346 8
347 8
348 8
349 8
424 1
425 1
426 1
427 1
428 1
430 1
431 1
432 1
433 1
434 1
435 1
436 1
437 1
440 1
441 1
442 1
448 1
449 1
450 2
454 1
455 1
458 1
459 1
460 1
462 1
463 1
464 1
468 1
469 1
470 1
471 1
472 1
473 1
661 3
662 3
663 3
664 3
665 3
667 3
668 3
669 3
670 3
671 3
672 3
673 3
674 2
678 2
679 2
680 2
686 2
687 2
688 4
692 2
693 2
696 2
697 2
698 2
700 2
701 2
702 2
706 2
707 2
708 2
709 2
710 2
711 2
780 2
781 2
782 2
783 2
784 2
786 2
787 2
788 2
789 2
790 2
791 2
792 2
793 1
797 1
798 1
799 1
805 1
806 1
807 2
811 1
812 1
815 1
816 1
817 1
819 1
820 1
821 1
825 1
826 1
827 1
828 1
829 1
830 1
899 3
900 3
901 3
902 3
903 3
905 3
906 3
907 3
908 3
909 3
910 3
911 3
912 2
916 2
917 2
918 2
924 2
925 2
926 4
930 2
931 2
934 2
935 2
936 2
938 2
939 2
940 2
944 2
945 2
946 2
947 2
948 2
949 2
956 1
957 1
959 1
960 1
962 1
963 1
964 1
966 1
967 1
968 1
972 1
973 1
974 1
975 1
976 1
977 1
1018 1
1019 1
1020 1
1021 1
1022 1
1024 1
1025 1
1026 1
1027 1
1028 1
1029 1
1030 1
1031 1
1035 1
1036 1
1037 1
1043 1
1044 1
1045 2
1049 1
1050 1
1053 1
1054 1
1055 1
1057 1
1058 1
1059 1
1063 1
1064 1
1065 1
1066 1
1067 1
1068 1
1137 6
1138 6
1139 6
1140 6
1141 6
1143 6
1144 6
1145 6
1146 6
1147 6
1148 6
1149 6
1150 3
1154 3
1155 3
1156 3
1162 3
1163 3
1164 6
1168 3
1169 3
1172 3
1173 3
1174 3
1176 3
1177 3
1178 3
1182 3
1183 3
1184 3
1185 3
1186 3
1187 3
1256 4
1257 4
1258 4
1259 4
1260 4
1262 4
1263 4
1264 4
1265 4
1266 4
1267 4
1268 4
1375 1
1376 1
1377 1
1378 1
1379 1
1381 1
1382 1
1383 1
1384 1
1385 1
1386 1
1387 1
1388 1
1392 1
1393 1
1394 1
1400 1
1401 1
1402 2
1406 1
1407 1
1410 1
1411 1
1412 1
1414 1
1415 1
1416 1
1420 1
1421 1
1422 1
1423 1
1424 1
1425 1
1494 5
1495 5
1496 5
1497 5
1498 5
1500 5
1501 5
1502 5
1503 5
1504 5
1505 5
1506 5
1507 4
1511 4
1512 4
1513 4
1519 4
1520 4
1521 8
1525 4
1526 4
1529 4
1530 4
1531 4
1533 4
1534 4
1535 4
1539 4
1540 4
1541 4
1542 4
1543 4
1544 4
1613 13
1614 13
1615 13
1616 13
1617 13
1619 13
1620 13
1621 13
1622 13
1623 13
1624 13
1625 13
1626 2
1630 2
1631 2
1632 2
1638 2
1639 2
1640 4
1644 2
1645 2
1648 2
1649 2
1650 2
1652 2
1653 2
1654 2
1658 2
1659 2
1660 2
1661 2
1662 2
1663 2
1670 1
1671 1
1673 1
1674 1
1676 1
1677 1
1678 1
1680 1
1681 1
1682 1
1686 1
1687 1
1688 1
1689 1
1690 1
1691 1
1732 8
1733 8
1734 8
1735 8
1736 8
1738 8
1739 8
1740 8
1741 8
1742 8
1743 8
1744 8
1745 5
1749 5
1750 5
1751 5
1757 5
1758 5
1759 10
1763 5
1764 5
1767 5
1768 5
1769 5
1771 5
1772 5
1773 5
1777 5
1778 5
1779 5
1780 5
1781 5
1782 5
1789 1
1790 1
1792 1
1793 1
1795 1
1796 1
1797 1
1799 1
1800 1
1801 1
1805 1
1806 1
1807 1
1808 1
1809 1
1810 1
1851 5
1852 5
1853 5
1854 5
1855 5
1857 5
1858 5
1859 5
1860 5
1861 5
1862 5
1863 5
1864 4
1868 4
1869 4
1870 4
1876 4
1877 4
1878 8
1882 4
1883 4
1886 4
1887 4
1888 4
1890 4
1891 4
1892 4
1896 4
1897 4
1898 4
1899 4
1900 4
1901 4
1970 11
1971 11
1972 11
1973 11
1974 11
1976 11
1977 11
1978 11
1979 11
1980 11
1981 11
1982 11
1984 3
1988 3
1989 3
1990 3
1996 3
1997 3
1999 6
2003 3
2004 3
2007 3
2008 3
2009 3
2011 3
2012 3
2013 3
2017 3
2018 3
2019 3
2020 3
2021 3
2022 3
2093 37
2095 74
2096 74
2097 74
2098 74
2099 70
2104 237
2110 237
2111 237
2119 237
2120 237
fn=strncmp
98 1
125 1
126 1
127 1
128 1
129 1
131 1
132 1
134 1
135 1
156 1
157 1
158 1
159 1
160 1
161 1
162 1
163 1
180 1
181 1
182 1
183 1
184 1
185 1
186 1
2104 1
2107 1
2108 1
2110 1
2111 1
2119 1
2120 1
fl=./string/../sysdeps/x86_64/multiarch/../multiarch/strlen-sse2.S
fn=strlen
57 15
101 15
102 15
103 15
104 15
105 15
106 15
107 15
109 15
111 15
142 15
143 15
144 15
145 15
146 15
147 9
149 9
153 6
154 6
155 6
156 6
157 6
158 6
159 6
160 6
161 6
162 6
163 6
164 6
169 48
fl=./string/../sysdeps/x86_64/multiarch/ifunc-avx2.h
fn=memrchr
38 4
40 3
41 2
42 3
45 2
46 2
49 3
52 6
fn=rindex
38 4
40 3
41 2
42 3
45 2
46 2
49 3
52 6
fn=strchrnul
38 4
40 3
41 2
42 3
45 2
46 2
49 3
52 6
fn=strlen
38 4
40 3
41 2
42 3
45 2
46 2
49 3
52 6
fn=strnlen
38 8
40 6
41 4
42 6
45 4
46 4
49 6
52 12
fl=./string/../sysdeps/x86_64/multiarch/ifunc-evex.h
fn=memchr
37 4
38 3
39 3
42 2
43 2
45 2
51 3
54 4
fl=./string/../sysdeps/x86_64/multiarch/ifunc-memcmp.h
fn=bcmp
34 5
35 2
36 2
37 3
40 2
41 2
44 3
47 4
fl=./string/../sysdeps/x86_64/multiarch/ifunc-memmove.h
fn=memcpy@@GLIBC_2.14
56 2
57 3
60 3
61 2
74 2
77 2
85 2
93 2
96 5
fn=memmove
56 2
57 3
60 3
61 2
74 2
77 2
85 2
93 2
96 5
fn=mempcpy
56 2
57 3
60 3
61 2
74 2
77 2
85 2
93 2
96 5
fl=./string/../sysdeps/x86_64/multiarch/ifunc-memset.h
fn=memset
54 5
57 3
58 2
64 2
73 2
75 2
85 2
93 2
96 5
fl=./string/../sysdeps/x86_64/multiarch/ifunc-sse4_2.h
fn=strcspn
36 10
fn=strpbrk
36 5
fn=strspn
36 5
fl=./string/../sysdeps/x86_64/multiarch/ifunc-strcasecmp.h
fn=strcasecmp
36 4
37 2
38 3
41 2
42 2
45 3
48 5
fn=strcasecmp_l
36 4
37 2
38 3
41 2
42 2
45 3
48 5
fn=strncasecmp
36 4
37 2
38 3
41 2
42 2
45 3
48 5
fn=strncasecmp_l
36 4
37 2
38 3
41 2
42 2
45 3
48 5
fl=./string/../sysdeps/x86_64/multiarch/ifunc-strcpy.h
fn=stpcpy
38 4
39 3
42 2
43 2
46 3
49 3
fn=strcat
38 4
39 3
42 2
43 2
46 3
49 3
fn=strcpy
38 4
39 3
42 2
43 2
46 3
49 3
fl=./string/../sysdeps/x86_64/multiarch/ifunc-strncpy.h
fn=stpncpy
35 5
36 3
39 2
40 2
43 3
46 4
fn=strncpy
35 10
36 6
39 4
40 4
43 6
46 8
fl=./string/../sysdeps/x86_64/multiarch/memchr-avx2.S
fn=__memchr_avx2
61 4
68 4
70 4
73 4
74 4
76 4
77 4
78 4
79 4
82 4
83 4
86 4
87 4
101 4
106 4
113 4
114 4
128 4
129 4
fl=./string/../sysdeps/x86_64/multiarch/memchr.c
fn=memchr
29 2
fl=./string/../sysdeps/x86_64/multiarch/memcmp.c
fn=bcmp
29 4
fl=./string/../sysdeps/x86_64/multiarch/memcmpeq.c
fn=memcpy@@GLIBC_2.14
29 1
fl=./string/../sysdeps/x86_64/multiarch/memmove-vec-unaligned-erms.S
fn=???
251 16
fn=__memcpy_avx_unaligned_erms
255 23
256 23
262 25
263 25
305 25
306 25
308 20
309 20
311 8
315 8
316 3
317 3
318 3
319 3
323 3
325 3
331 5
332 5
333 5
334 5
335 5
342 5
343 5
344 5
345 5
347 5
364 12
365 12
366 12
367 12
368 12
fn=__memcpy_chk_avx_unaligned_erms
249 4
250 4
251 4
fn=__mempcpy_avx_unaligned_erms
242 2
243 2
244 2
245 2
fn=memcpy
210 17
211 17
217 30
218 30
220 14
221 14
222 14
224 10
225 10
226 10
228 10
308 16
309 16
311 2
315 2
316 2
317 2
318 1
319 1
323 1
325 2
364 14
365 14
366 14
367 14
368 14
375 4
376 4
377 4
378 4
379 4
380 4
381 4
392 4
393 4
395 4
396 4
397 4
fn=mempcpy
197 13
198 13
199 13
200 13
fl=./string/../sysdeps/x86_64/multiarch/memmove.c
fn=memmove
29 1
fl=./string/../sysdeps/x86_64/multiarch/mempcpy.c
fn=mempcpy
33 1
fl=./string/../sysdeps/x86_64/multiarch/memrchr.c
fn=memrchr
29 3
fl=./string/../sysdeps/x86_64/multiarch/memset.c
fn=memset
29 1
fl=./string/../sysdeps/x86_64/multiarch/stpcpy.c
fn=stpcpy
33 3
fl=./string/../sysdeps/x86_64/multiarch/stpncpy.c
fn=stpncpy
31 3
fl=./string/../sysdeps/x86_64/multiarch/strcasecmp.c
fn=strcasecmp
31 3
fl=./string/../sysdeps/x86_64/multiarch/strcasecmp_l.c
fn=strcasecmp_l
31 3
fl=./string/../sysdeps/x86_64/multiarch/strcat.c
fn=strcat
29 3
fl=./string/../sysdeps/x86_64/multiarch/strchr-avx2.S
fn=__strchrnul_avx2
53 5
55 5
56 5
57 5
58 5
59 5
62 5
63 5
67 5
68 5
69 5
70 5
71 5
72 5
73 5
74 5
87 5
89 10
fl=./string/../sysdeps/x86_64/multiarch/strchr.c
fn=index
42 4
43 2
44 3
47 2
48 2
51 3
54 3
65 3
fl=./string/../sysdeps/x86_64/multiarch/strchrnul.c
fn=strchrnul
31 3
fl=./string/../sysdeps/x86_64/multiarch/strcmp.c
fn=strcmp
47 8
48 4
49 6
52 4
53 4
56 6
59 6
79 6
fl=./string/../sysdeps/x86_64/multiarch/strcpy.c
fn=strcpy
29 3
fl=./string/../sysdeps/x86_64/multiarch/strcspn.c
fn=strcspn
29 4
fl=./string/../sysdeps/x86_64/multiarch/strlen-avx2.S
fn=__strlen_avx2
52 12
65 12
66 12
67 12
70 12
72 12
73 12
76 12
77 12
85 12
86 12
87 12
92 24
fl=./string/../sysdeps/x86_64/multiarch/strlen.c
fn=strlen
29 3
fl=./string/../sysdeps/x86_64/multiarch/strncase.c
fn=strncasecmp
31 3
fl=./string/../sysdeps/x86_64/multiarch/strncase_l.c
fn=strncasecmp_l
31 3
fl=./string/../sysdeps/x86_64/multiarch/strncmp.c
fn=strncmp
43 4
44 2
45 3
48 2
49 2
52 3
55 5
67 3
fl=./string/../sysdeps/x86_64/multiarch/strncpy.c
fn=strncpy
29 6
fl=./string/../sysdeps/x86_64/multiarch/strnlen.c
fn=strnlen
31 6
fl=./string/../sysdeps/x86_64/multiarch/strpbrk.c
fn=strpbrk
29 2
fl=./string/../sysdeps/x86_64/multiarch/strrchr-avx2.S
fn=__strrchr_avx2
53 1
54 1
55 1
57 1
58 1
62 1
63 1
64 1
67 1
69 1
70 1
71 1
72 1
75 1
76 1
78 1
79 1
80 1
81 1
82 1
91 2
fl=./string/../sysdeps/x86_64/multiarch/strrchr.c
fn=rindex
28 3
fl=./string/../sysdeps/x86_64/multiarch/strspn-sse4.c
fn=__strspn_sse42
63 4
64 8
72 12
75 8
80 4
81 8
99 8
109 16
113 8
115 4
119 16
123 8
124 8
126 8
135 4
136 16
fl=./string/../sysdeps/x86_64/multiarch/strspn.c
fn=strspn
29 2
fl=./string/./string/strdup.c
fn=strdup
40 18
41 6
44 6
47 12
48 9
fl=./sysvipc/../sysdeps/unix/sysv/linux/shmat.c
fn=shmat
28 1
30 4
42 1
fl=./sysvipc/../sysdeps/unix/sysv/linux/shmget.c
fn=shmget
28 1
30 5
34 1
fl=./wcsmbs/../sysdeps/x86_64/multiarch/ifunc-avx2.h
fn=wcschr
38 8
40 6
41 4
42 6
45 4
46 4
49 6
52 12
fn=wcscmp
38 4
40 3
41 2
42 3
45 2
46 2
49 3
52 6
fl=./wcsmbs/../sysdeps/x86_64/multiarch/ifunc-evex.h
fn=wmemchr
37 8
38 6
39 6
42 4
43 4
45 4
51 6
54 8
fl=./wcsmbs/../sysdeps/x86_64/multiarch/ifunc-memcmp.h
fn=wmemcmp
34 5
35 2
36 2
37 3
40 2
41 2
44 3
47 4
fl=./wcsmbs/../sysdeps/x86_64/multiarch/ifunc-wcs.h
fn=wcpncpy
39 4
40 3
41 3
44 2
45 3
48 4
fn=wcscat
39 4
40 3
41 3
44 2
45 3
48 4
fn=wcsncpy
39 4
40 3
41 3
44 2
45 3
48 4
fl=./wcsmbs/../sysdeps/x86_64/multiarch/ifunc-wcslen.h
fn=wcslen
40 4
41 2
42 3
45 2
46 2
49 3
52 3
fn=wcsnlen
40 4
41 2
42 3
45 2
46 2
49 3
52 3
fl=./wcsmbs/../sysdeps/x86_64/multiarch/ifunc-wmemset.h
fn=wmemset
36 10
37 6
fl=./wcsmbs/../sysdeps/x86_64/multiarch/wcpcpy.c
fn=wcpncpy
31 1
fl=./wcsmbs/../sysdeps/x86_64/multiarch/wcpncpy.c
fn=wcpncpy
31 1
fl=./wcsmbs/../sysdeps/x86_64/multiarch/wcscat.c
fn=wcscat
31 2
fn=wcschr
31 2
fl=./wcsmbs/../sysdeps/x86_64/multiarch/wcschr.c
fn=wcschr
31 4
fl=./wcsmbs/../sysdeps/x86_64/multiarch/wcscmp.c
fn=wcscmp
30 3
fl=./wcsmbs/../sysdeps/x86_64/multiarch/wcscpy.c
fn=wcscpy
42 4
43 2
44 3
46 2
47 3
50 3
60 2
fl=./wcsmbs/../sysdeps/x86_64/multiarch/wcslen.c
fn=wcslen
29 3
fl=./wcsmbs/../sysdeps/x86_64/multiarch/wcsncpy.c
fn=wcsncpy
31 2
fl=./wcsmbs/../sysdeps/x86_64/multiarch/wcsnlen.c
fn=wcsnlen
30 3
fl=./wcsmbs/../sysdeps/x86_64/multiarch/wmemchr.c
fn=wmemchr
31 4
fl=./wcsmbs/../sysdeps/x86_64/multiarch/wmemcmp.c
fn=wmemcmp
29 4
fl=./wcsmbs/../sysdeps/x86_64/multiarch/wmemset.c
fn=wmemset
31 4
fl=/home/parth/Work/All_data/university/Advance OS/Assignment/Assignment 0/q1/parent_pgm.c
fn=main
59 9
62 2
64 6
67 5
68 3
76 6
77 3
85 8
86 8
87 8
88 8
90 12
98 10
106 7
107 3
113 6
116 2
117 2
129 2
130 2
142 3
143 3
145 2
148 10
149 8
150 8
151 6
158 4
159 5
fl=/usr/lib/gcc/x86_64-linux-gnu/13/include/emmintrin.h
fn=__strspn_sse42
706 4
1341 32
1439 12
fl=/usr/lib/gcc/x86_64-linux-gnu/13/include/smmintrin.h
fn=__strspn_sse42
634 8
687 4
fl=/usr/lib/gcc/x86_64-linux-gnu/13/include/tmmintrin.h
fn=__strspn_sse42
138 12
fl=???
fn=(below main)
0 12
fn=???
0 269
summary: 183185
